@Module ID@-----------------------------------------------------

11 22

@BCID@----------------------------------------------------------

80 33

@ECU Name@------------------------------------------------------

11 22 33 44 55 66 77 88

@ECU ID@--------------------------------------------------------

11 22 33 44 55 66 77 88 11 22 33 44 55 66 77 88

@App-NBID@------------------------------------------------------

00 44

@App SW Location Info@------------------------------------------

00 02 00 01 00 00 00 0C FF 55 FF 11 01 11 11 11
22 00

@Message Digest@------------------------------------------------

11 22 33 44 55 66 77 88 11 22 33 44 55 66 77 88
11 22 33 44 55 66 77 88 11 22 33 44 55 66 77 88

@Subject Name@--------------------------------------------------

F1 F2 F3 F4 F5 F6 F7 F8 F1 F2 F3 F4 F5 F6 F7 F8

@Certificate ID@------------------------------------------------

11 22 33 44 55 66 77 88

@Key-NBID@------------------------------------------------------

11 22

@Signer Public Key@---------------------------------------------

33 44 55 66 77 88 11 22 33 44 55 66 77 88 11 22
33 44 55 66 77 88 11 22 33 44 55 66 77 88 11 22
33 44 55 66 77 88 11 22 33 44 55 66 77 88 11 22
33 44 55 66 77 88 11 22 33 44 55 66 77 88 11 22
33 44 55 66 77 88 11 22 33 44 55 66 77 88 11 22
33 44 55 66 77 88 11 22 33 44 55 66 77 88 11 22
33 44 55 66 77 88 11 22 33 44 55 66 77 88 11 22
33 44 55 66 77 88 11 22 33 44 55 66 77 88 11 22
33 44 55 66 77 88 11 22 33 44 55 66 77 88 11 22
33 44 55 66 77 88 11 22 33 44 55 66 77 88 11 22
33 44 55 66 77 88 11 22 33 44 55 66 77 88 11 22
33 44 55 66 77 88 11 22 33 44 55 66 77 88 11 22
33 44 55 66 77 88 11 22 33 44 55 66 77 88 11 22
33 44 55 66 77 88 11 22 33 44 55 66 77 88 11 22
33 44 55 66 77 88 00 00 00 00 00 00 00 00 00 00
00 00 00 00 00 00 00 00 00 00 00 00 00 00 00 00

@Root Signature@------------------------------------------------

00 00 00 00 00 00 00 00 00 00 00 00 00 00 00 00
00 00 00 00 00 00 00 00 00 00 00 00 00 00 00 00
00 00 00 00 00 00 00 00 00 00 00 00 00 00 00 00
00 00 00 00 00 00 00 00 00 00 00 00 00 00 00 00
00 00 00 00 00 00 00 00 00 00 00 00 00 00 00 00
00 00 00 00 00 00 00 00 00 00 00 00 00 00 00 00
00 00 00 00 00 00 00 00 00 00 00 00 00 00 00 00
00 00 00 00 00 00 00 00 00 00 00 00 00 00 00 00
00 00 00 00 00 00 00 00 00 00 00 00 00 00 00 00
00 00 00 00 00 00 00 00 00 00 00 00 00 00 00 00
00 00 00 00 00 00 00 00 00 00 00 00 00 00 00 00
00 00 00 00 00 00 00 00 00 00 00 00 00 00 00 00
00 00 00 00 00 00 00 00 00 00 00 00 00 00 00 00
00 00 00 00 00 00 00 00 00 00 00 00 00 00 00 00
00 00 00 00 00 00 F1 F2 F3 F4 F5 F6 F7 F8 F1 F2
F3 F4 F5 F6 F7 F8 F1 F2 F3 F4 F5 F6 F7 F8 F1 F2

@Signature@-----------------------------------------------------

E1 E2 E3 E4 E5 E6 E7 E8 E1 E2 E3 E4 E5 E6 E7 E8
11 00 00 00 00 00 00 00 00 00 00 00 00 00 00 00
22 00 00 00 00 00 00 00 00 00 00 00 00 00 00 00
33 00 00 00 00 00 00 00 00 00 00 00 00 00 00 00
44 00 00 00 00 00 00 00 00 00 00 00 00 00 00 00
55 00 00 00 00 00 00 00 00 00 00 00 00 00 00 00
66 00 00 00 00 00 00 00 00 00 00 00 00 00 00 00
77 00 00 00 00 00 00 00 00 00 00 00 00 00 00 00
88 00 00 00 00 00 00 00 00 00 00 00 00 00 00 00
99 00 00 00 00 00 00 00 00 00 00 00 00 00 00 00
AA 00 00 00 00 00 00 00 00 00 00 00 00 00 00 00
BB 00 00 00 00 00 00 00 00 00 00 00 00 00 00 00
CC 00 00 00 00 00 00 00 00 00 00 00 00 00 00 00
DD 00 00 00 00 00 00 00 00 00 00 00 00 00 00 00
EE 00 00 00 00 00 00 00 00 00 00 00 00 00 00 00
E1 E2 E3 E4 E5 E6 E7 E8 E1 E2 E3 E4 E5 E6 E7 E8

$Integrity Word$------------------------------------------------

9F 42

$Configuration Options$-----------------------------------------

00 00

$Module ID$-----------------------------------------------------

00 01

$BCID$----------------------------------------------------------

80 33

$App-NBID$------------------------------------------------------

00 44

$DLS$-----------------------------------------------------------

41 11

$Hex Part Number$-----------------------------------------------

01 97 6D 0D

$App SW Location Info$------------------------------------------

00 02 00 01 00 00 00 0C FF 55 FF 11 01 11 11 11
22 00

$Number of Partitions$------------------------------------------

00 02

$P1.Num of Regions$---------------------------------------------

00 01

$P1.Region Info 1$----------------------------------------------

00 00 80 00 00 00 3F F8

$P1.Num of Cal Modules$-----------------------------------------

00 01

$P1.Cal Module Info 1$------------------------------------------

00 02 00 01 00 00 80 00 00 00 3F F8

$P2.Num of Regions$---------------------------------------------

00 01

$P2.Region Info 1$----------------------------------------------

00 00 00 00 00 00 7F F8

$P2.Num of Cal Modules$-----------------------------------------

00 01

$P2.Cal Module Info 1$------------------------------------------

00 03 00 01 00 00 00 00 00 00 7F F8

