@Module ID
00 00
@Software Compatibility ID
00 00
@ECU Identity
11 22 33 44 55 66 77 88
@Application Software-Not Before Identifier
11 22
@App SW Location Info
00 11
11 22 33 44 55 66 77 88
@Message Digest
11 22 33 44 55 66 77 88 11 22 33 44 55 66 77 88
11 22 33 44 55 66 77 88 11 22 33 44 55 66 77 88
@Signer Info
11 22 33 44 55 66 77 88 11 22 33 44 55 66 77 88
11 22 33 44 55 66 77 88 11 22 33 44 55 66 77 88
11 22 33 44 55 66 77 88 11 22 33 44 55 66 77 88
11 22 33 44 55 66 77 88 11 22 33 44 55 66 77 88
@Signature
11 22 33 44 55 66 77 88 11 22 33 44 55 66 77 88
11 22 33 44 55 66 77 88 11 22 33 44 55 66 77 88
11 22 33 44 55 66 77 88 11 22 33 44 55 66 77 88
11 22 33 44 55 66 77 88 11 22 33 44 55 66 77 88
