@Module ID@-----------------------------------------------------

00 03

@CCID@----------------------------------------------------------

80 12

@ECU Name@------------------------------------------------------

45 43 43 00 00 00 00 00

@ECU ID@--------------------------------------------------------

00 00 00 00 00 00 00 00 00 00 00 00 00 00 00 00

@Message Digest@------------------------------------------------

11 22 33 44 55 66 77 88 11 22 33 44 55 66 77 88
11 22 33 44 55 66 77 88 11 22 33 44 55 66 77 88

@Subject Name@--------------------------------------------------

42 6F 64 79 00 00 00 00 00 00 00 00 00 00 00 00

@Certificate ID@------------------------------------------------

11 22 33 44 55 66 77 88

@Key-NBID@------------------------------------------------------

00 01

@Signer Public Key@---------------------------------------------

33 44 55 66 77 88 11 22 33 44 55 66 77 88 11 22
33 44 55 66 77 88 11 22 33 44 55 66 77 88 11 22
33 44 55 66 77 88 11 22 33 44 55 66 77 88 11 22
33 44 55 66 77 88 11 22 33 44 55 66 77 88 11 22
33 44 55 66 77 88 11 22 33 44 55 66 77 88 11 22
33 44 55 66 77 88 11 22 33 44 55 66 77 88 11 22
33 44 55 66 77 88 11 22 33 44 55 66 77 88 11 22
33 44 55 66 77 88 11 22 33 44 55 66 77 88 11 22
33 44 55 66 77 88 11 22 33 44 55 66 77 88 11 22
33 44 55 66 77 88 11 22 33 44 55 66 77 88 11 22
33 44 55 66 77 88 11 22 33 44 55 66 77 88 11 22
33 44 55 66 77 88 11 22 33 44 55 66 77 88 11 22
33 44 55 66 77 88 11 22 33 44 55 66 77 88 11 22
33 44 55 66 77 88 11 22 33 44 55 66 77 88 11 22
33 44 55 66 77 88 00 00 00 00 00 00 00 00 00 00
00 00 00 00 00 00 00 00 00 00 00 00 00 00 00 00

@Root Signature@------------------------------------------------

00 00 00 00 00 00 00 00 00 00 00 00 00 00 00 00
00 00 00 00 00 00 00 00 00 00 00 00 00 00 00 00
00 00 00 00 00 00 00 00 00 00 00 00 00 00 00 00
00 00 00 00 00 00 00 00 00 00 00 00 00 00 00 00
00 00 00 00 00 00 00 00 00 00 00 00 00 00 00 00
00 00 00 00 00 00 00 00 00 00 00 00 00 00 00 00
00 00 00 00 00 00 00 00 00 00 00 00 00 00 00 00
00 00 00 00 00 00 00 00 00 00 00 00 00 00 00 00
00 00 00 00 00 00 00 00 00 00 00 00 00 00 00 00
00 00 00 00 00 00 00 00 00 00 00 00 00 00 00 00
00 00 00 00 00 00 00 00 00 00 00 00 00 00 00 00
00 00 00 00 00 00 00 00 00 00 00 00 00 00 00 00
00 00 00 00 00 00 00 00 00 00 00 00 00 00 00 00
00 00 00 00 00 00 00 00 00 00 00 00 00 00 00 00
00 00 00 00 00 00 F1 F2 F3 F4 F5 F6 F7 F8 F1 F2
F3 F4 F5 F6 F7 F8 F1 F2 F3 F4 F5 F6 F7 F8 F1 F2

@Signature@-----------------------------------------------------

E1 E2 E3 E4 E5 E6 E7 E8 E1 E2 E3 E4 E5 E6 E7 E8
11 00 00 00 00 00 00 00 00 00 00 00 00 00 00 00
22 00 00 00 00 00 00 00 00 00 00 00 00 00 00 00
33 00 00 00 00 00 00 00 00 00 00 00 00 00 00 00
44 00 00 00 00 00 00 00 00 00 00 00 00 00 00 00
55 00 00 00 00 00 00 00 00 00 00 00 00 00 00 00
66 00 00 00 00 00 00 00 00 00 00 00 00 00 00 00
77 00 00 00 00 00 00 00 00 00 00 00 00 00 00 00
88 00 00 00 00 00 00 00 00 00 00 00 00 00 00 00
99 00 00 00 00 00 00 00 00 00 00 00 00 00 00 00
AA 00 00 00 00 00 00 00 00 00 00 00 00 00 00 00
BB 00 00 00 00 00 00 00 00 00 00 00 00 00 00 00
CC 00 00 00 00 00 00 00 00 00 00 00 00 00 00 00
DD 00 00 00 00 00 00 00 00 00 00 00 00 00 00 00
EE 00 00 00 00 00 00 00 00 00 00 00 00 00 00 00
E1 E2 E3 E4 E5 E6 E7 E8 E1 E2 E3 E4 E5 E6 E7 E8

$Integrity Word$------------------------------------------------

6E 52

$Configuration Options$-----------------------------------------

00 00

$Module ID$-----------------------------------------------------

00 03

$CCID$----------------------------------------------------------

80 12

$DLS$-----------------------------------------------------------

41 41

$Hex Part Number$-----------------------------------------------

01 01 01 01

